----------------------------------------------
                 Case 0                    
----------------------------------------------
K:   4 M:   4 N:  4
A: 
    34     60    172    105 
   206     95    191    119 
   219     74     38    157 
   155    221    201      6 

B: 
   106    148     81      0 
   245     19    118     36 
   108    135    136    178 
    55    162    188    147 

C: 
 42655  46402  52966  48211 
 72284  77356  76244  54911 
 54083  64382  61155  32507 
 92613  55246  67097  44616 

